{
 "cells": [
  {
   "cell_type": "code",
   "execution_count": 4,
   "id": "e2eb586f-d198-4d23-bd04-f380bcfdc547",
   "metadata": {},
   "outputs": [],
   "source": [
    "import numpy as np  # Import NumPy for array and matrix operations\n",
    "\n",
    "\n",
    "# Function to create elimination matrix for one step\n",
    "def elimination_matrix(A: np.ndarray, step: int):\n",
    "    # Get number of rows/columns of A\n",
    "    n = A.shape[0]\n",
    "\n",
    "    # Start with identity matrices\n",
    "    elim_mtx = np.eye(n)       # Used to remove (eliminate) numbers below the pivot\n",
    "    elim_mtx_inv = np.eye(n)   # Used later to form the L matrix\n",
    "\n",
    "    # Only do this if step is valid\n",
    "    if 0 < step < n:\n",
    "        # Find how much to multiply the pivot row by to eliminate lower rows\n",
    "        a = A[:, step - 1] / A[step - 1, step - 1]\n",
    "\n",
    "        # Add negative values to elim_mtx → this will zero out below the pivot\n",
    "        elim_mtx[step:, step - 1] = -a[step:]\n",
    "\n",
    "        # Add positive values to elim_mtx_inv → used to build L\n",
    "        elim_mtx_inv[step:, step - 1] = a[step:]\n",
    "\n",
    "    # Return both matrices\n",
    "    return elim_mtx, elim_mtx_inv"
   ]
  },
  {
   "cell_type": "code",
   "execution_count": 5,
   "id": "365d1ed3-914a-45e5-a551-3766d30ff24e",
   "metadata": {},
   "outputs": [],
   "source": [
    "# Function to perform LU decomposition\n",
    "def LU(A: np.ndarray):\n",
    "    # Get size of matrix A\n",
    "    n = A.shape[0]\n",
    "\n",
    "    # Start L as identity matrix (will store multipliers)\n",
    "    L = np.eye(n)\n",
    "\n",
    "    # Copy A into U (we’ll make it upper triangular)\n",
    "    U = np.copy(A)\n",
    "\n",
    "    # Repeat elimination for each column\n",
    "    for step in range(1, n):\n",
    "        # Get elimination matrix for this step\n",
    "        elim_mtx, elim_mtx_inv = elimination_matrix(U, step=step)\n",
    "\n",
    "        # Apply elimination → makes zeros below the pivot\n",
    "        U = np.matmul(elim_mtx, U)\n",
    "\n",
    "        # Update L → stores the multipliers (inverse of elimination)\n",
    "        L = np.matmul(L, elim_mtx_inv)\n",
    "\n",
    "    # Return L (lower) and U (upper) matrices\n",
    "    return L, U\n"
   ]
  },
  {
   "cell_type": "code",
   "execution_count": 6,
   "id": "5001c167-78bd-47a6-9e1c-7eb3e750ef27",
   "metadata": {},
   "outputs": [
    {
     "name": "stdout",
     "output_type": "stream",
     "text": [
      "Matrix A:\n",
      " [[ 0.48813504  2.15189366  1.02763376  0.44883183]\n",
      " [-0.76345201  1.45894113 -0.62412789  3.91773001]\n",
      " [ 4.63662761 -1.16558481  2.91725038  0.2889492 ]\n",
      " [ 0.68044561  4.25596638 -4.28963942 -4.128707  ]]\n",
      "\n",
      "Lower triangular matrix L:\n",
      " [[ 1.          0.          0.          0.        ]\n",
      " [-1.56401804  1.          0.          0.        ]\n",
      " [ 9.49865761 -4.4782878   1.          0.        ]\n",
      " [ 1.39397002  0.26039596  2.44880593  1.        ]]\n",
      "\n",
      "Upper triangular matrix U:\n",
      " [[ 4.88135039e-01  2.15189366e+00  1.02763376e+00  4.48831830e-01]\n",
      " [ 0.00000000e+00  4.82454164e+00  9.83109851e-01  4.61971109e+00]\n",
      " [ 0.00000000e+00  3.55271368e-15 -2.44124201e+00  1.67140451e+01]\n",
      " [ 0.00000000e+00 -8.69990631e-15 -8.88178420e-16 -4.68867719e+01]]\n",
      "\n",
      "Reconstructed A from L and U:\n",
      " [[ 0.48813504  2.15189366  1.02763376  0.44883183]\n",
      " [-0.76345201  1.45894113 -0.62412789  3.91773001]\n",
      " [ 4.63662761 -1.16558481  2.91725038  0.2889492 ]\n",
      " [ 0.68044561  4.25596638 -4.28963942 -4.128707  ]]\n",
      "\n",
      "Is L * U close to A?: True\n"
     ]
    }
   ],
   "source": [
    "# ---- Testing the code ----\n",
    "if __name__ == \"__main__\":\n",
    "    np.random.seed(0)  # To get the same random numbers every time\n",
    "\n",
    "    # Create a random 4x4 matrix with values between -5 and +5\n",
    "    A = 10 * np.random.rand(4, 4) - 5\n",
    "\n",
    "    print(\"Matrix A:\\n\", A)\n",
    "\n",
    "    # Perform LU decomposition\n",
    "    L, U = LU(A)\n",
    "\n",
    "    print(\"\\nLower triangular matrix L:\\n\", L)\n",
    "    print(\"\\nUpper triangular matrix U:\\n\", U)\n",
    "\n",
    "    # Check if L * U = A (approximately)\n",
    "    print(\"\\nReconstructed A from L and U:\\n\", np.matmul(L, U))\n",
    "    print(\"\\nIs L * U close to A?:\", np.allclose(np.matmul(L, U), A))\n"
   ]
  },
  {
   "cell_type": "code",
   "execution_count": null,
   "id": "5c5f1728-d21e-474d-a219-9e1f0a45fd2f",
   "metadata": {},
   "outputs": [],
   "source": []
  }
 ],
 "metadata": {
  "kernelspec": {
   "display_name": "Python 3 (ipykernel)",
   "language": "python",
   "name": "python3"
  },
  "language_info": {
   "codemirror_mode": {
    "name": "ipython",
    "version": 3
   },
   "file_extension": ".py",
   "mimetype": "text/x-python",
   "name": "python",
   "nbconvert_exporter": "python",
   "pygments_lexer": "ipython3",
   "version": "3.13.5"
  }
 },
 "nbformat": 4,
 "nbformat_minor": 5
}
